16	1	-1280	-1024	0.516	0.488	-1.000	-1.000	4	-1280	-1024	0.516	0.488	-1.000	-1.000	4
36	2	-1280	-1024	-1.000	-1.000	-1.000	-1.000	4	-1280	-1024	-1.000	-1.000	-1.000	-1.000	4
56	3	674	356	0.801	0.481	667.266	3.811	0	710	385	0.517	0.488	667.266	4.102	0
76	4	-1280	-1024	-1.000	-1.000	-1.000	-1.000	4	-1280	-1024	-1.000	-1.000	-1.000	-1.000	4
96	5	661	479	0.801	0.483	667.266	3.783	0	686	500	0.518	0.490	667.266	3.760	0
116	6	667	499	0.801	0.484	657.250	3.727	0	687	505	0.518	0.491	664.729	3.746	0
136	7	699	570	0.801	0.484	657.250	3.545	0	682	495	0.517	0.491	664.729	3.780	0
156	8	679	506	0.801	0.484	657.250	3.595	0	678	518	0.517	0.492	664.729	3.902	0
194	9	668	504	0.801	0.485	657.250	3.746	0	673	521	0.517	0.492	664.729	3.787	0
196	10	700	535	0.801	0.485	657.250	3.488	0	671	510	0.517	0.492	664.729	3.739	0
216	11	-1280	-1024	-1.000	-1.000	-1.000	-1.000	4	-1280	-1024	-1.000	-1.000	-1.000	-1.000	4
236	12	702	506	0.801	0.485	657.250	3.578	0	683	536	0.517	0.492	664.729	3.633	0
256	13	689	517	0.801	0.485	657.250	3.570	0	702	521	0.517	0.492	664.729	3.721	0
276	14	687	502	0.801	0.485	658.690	3.569	0	709	532	0.517	0.492	664.200	3.681	0
295	15	716	516	0.801	0.485	658.690	3.565	0	688	498	0.516	0.492	664.200	3.735	0
315	16	665	477	0.801	0.485	658.690	3.209	0	696	577	0.517	0.492	664.200	3.506	0
335	17	680	514	0.800	0.484	658.690	3.473	0	690	521	0.516	0.492	664.200	3.735	0
355	18	694	508	0.800	0.484	658.690	3.476	0	685	425	0.516	0.492	664.200	3.517	0
375	19	686	503	0.800	0.484	655.633	3.464	0	699	444	0.516	0.492	664.454	3.598	0
395	20	690	535	0.800	0.484	655.633	3.325	0	717	506	0.516	0.491	664.454	3.600	0
415	21	690	526	0.800	0.484	655.633	3.372	0	686	555	0.516	0.491	664.454	3.711	0
435	22	719	508	0.800	0.484	655.633	3.283	0	705	513	0.516	0.491	664.454	3.608	0
455	23	702	533	0.800	0.483	655.633	3.179	0	714	535	0.516	0.491	664.454	3.485	0
475	24	717	528	0.800	0.484	653.307	3.157	0	712	515	0.516	0.491	664.421	3.505	0
495	25	466	640	0.802	0.484	653.307	3.425	0	485	612	0.519	0.492	664.421	3.537	0
515	26	395	639	0.804	0.484	653.307	3.287	0	399	652	0.521	0.492	664.421	3.433	0
535	27	428	599	0.804	0.484	653.307	3.501	0	380	640	0.521	0.491	664.421	3.485	0
555	28	389	600	0.805	0.484	653.307	3.368	0	396	584	0.521	0.491	664.421	3.526	0
575	29	397	600	0.805	0.484	654.243	3.353	0	390	604	0.521	0.491	661.757	3.472	0
595	30	407	602	0.805	0.484	654.243	3.288	0	-1280	-1024	0.805	0.484	-1.000	-1.000	4
614	31	385	544	0.805	0.484	654.243	3.172	0	-1280	-1024	0.805	0.484	-1.000	-1.000	4
634	32	-1280	-1024	-1.000	-1.000	-1.000	-1.000	4	-1280	-1024	-1.000	-1.000	-1.000	-1.000	4
654	33	416	585	0.805	0.484	654.243	3.150	0	-1280	-1024	0.805	0.484	-1.000	-1.000	4
674	34	403	568	0.805	0.485	651.088	3.124	0	-1280	-1024	0.805	0.485	-1.000	-1.000	4
694	35	327	604	0.807	0.485	651.088	3.174	0	-1280	-1024	0.807	0.485	-1.000	-1.000	4
714	36	291	612	0.807	0.484	651.088	3.089	0	-1280	-1024	0.807	0.484	-1.000	-1.000	4
734	37	301	626	0.808	0.484	651.088	3.115	0	-1280	-1024	0.808	0.484	-1.000	-1.000	4
754	38	274	637	0.808	0.484	651.088	3.031	0	-1280	-1024	0.808	0.484	-1.000	-1.000	4
774	39	272	649	0.808	0.484	650.003	3.015	0	-1280	-1024	0.524	0.491	-1.000	-1.000	4
794	40	260	622	0.808	0.484	650.003	3.218	0	-1280	-1024	0.808	0.484	-1.000	-1.000	4
814	41	208	485	0.809	0.482	650.003	3.107	0	-1280	-1024	0.809	0.482	-1.000	-1.000	4
834	42	170	285	0.809	0.478	650.003	3.004	0	-1280	-1024	0.809	0.478	-1.000	-1.000	4
854	43	169	83	0.809	0.477	650.003	3.200	0	-1280	-1024	0.809	0.477	-1.000	-1.000	4
874	44	167	-95	0.809	0.476	649.483	3.115	0	-1280	-1024	0.527	0.482	-1.000	-1.000	4
894	45	178	55	0.809	0.476	649.483	3.173	0	-1280	-1024	0.809	0.476	-1.000	-1.000	4
914	46	179	48	0.809	0.476	649.483	3.056	0	-1280	-1024	0.809	0.476	-1.000	-1.000	4
933	47	192	40	0.810	0.477	649.483	3.078	0	-1280	-1024	0.810	0.477	-1.000	-1.000	4
953	48	177	32	0.810	0.477	649.483	3.059	0	-1280	-1024	0.810	0.477	-1.000	-1.000	4
973	49	180	21	0.810	0.477	650.761	3.073	0	-1280	-1024	0.527	0.483	-1.000	-1.000	4
993	50	194	20	0.810	0.477	650.761	2.924	0	-1280	-1024	0.810	0.477	-1.000	-1.000	4
1013	51	175	16	0.810	0.478	650.761	2.922	0	-1280	-1024	0.810	0.478	-1.000	-1.000	4
1033	52	167	24	0.810	0.478	650.761	2.889	0	-1280	-1024	0.810	0.478	-1.000	-1.000	4
1053	53	146	46	0.810	0.477	650.761	3.173	0	-1280	-1024	0.810	0.477	-1.000	-1.000	4
1073	54	127	48	0.810	0.477	650.631	3.184	0	-1280	-1024	0.527	0.483	-1.000	-1.000	4
1093	55	166	29	0.810	0.476	650.631	3.151	0	-1280	-1024	0.810	0.476	-1.000	-1.000	4
1113	56	143	-9	0.809	0.476	650.631	3.075	0	-1280	-1024	0.809	0.476	-1.000	-1.000	4
1133	57	148	-12	0.809	0.475	650.631	2.985	0	-1280	-1024	0.809	0.475	-1.000	-1.000	4
1153	58	156	-9	0.809	0.475	650.631	3.188	0	-1280	-1024	0.809	0.475	-1.000	-1.000	4
1173	59	-1280	-1024	0.527	0.482	-1.000	-1.000	4	-1280	-1024	0.527	0.482	-1.000	-1.000	4
1193	60	146	31	0.810	0.475	642.173	3.026	0	-1280	-1024	0.810	0.475	-1.000	-1.000	4
1213	61	165	29	0.810	0.475	640.484	2.949	0	-1280	-1024	0.810	0.475	-1.000	-1.000	4
1233	62	139	40	0.810	0.475	640.487	3.162	0	-1280	-1024	0.810	0.475	-1.000	-1.000	4
1252	63	173	53	0.810	0.475	640.513	3.080	0	-1280	-1024	0.810	0.475	-1.000	-1.000	4
1272	64	156	-3	0.810	0.475	655.744	3.176	0	-1280	-1024	0.527	0.482	-1.000	-1.000	4
1292	65	152	-3	0.810	0.475	655.744	3.118	0	-1280	-1024	0.810	0.475	-1.000	-1.000	4
1312	66	79	-3	0.810	0.475	655.744	3.243	0	-1280	-1024	0.810	0.475	-1.000	-1.000	4
1332	67	6	-22	0.811	0.476	655.744	3.253	0	-49	47	0.529	0.482	655.822	2.634	0
1352	68	18	-21	0.811	0.475	655.744	3.246	0	-28	32	0.529	0.481	655.822	2.643	0
1372	69	41	13	0.812	0.475	646.940	3.207	0	-25	42	0.529	0.481	653.082	2.632	0
1392	70	-4	3	0.812	0.475	646.940	3.462	0	-52	29	0.529	0.481	653.082	2.854	0
1412	71	25	-4	0.812	0.475	646.940	3.294	0	-56	46	0.529	0.481	653.082	2.853	0
1432	72	16	-24	0.812	0.475	646.940	3.173	0	-51	35	0.529	0.481	653.082	2.632	0
1452	73	9	3	0.812	0.475	646.940	3.321	0	-76	27	0.529	0.481	653.082	2.759	0
1472	74	26	4	0.812	0.475	644.390	3.276	0	-79	33	0.529	0.481	652.894	2.695	0
1492	75	36	18	0.813	0.475	644.390	3.331	0	-38	45	0.529	0.480	652.894	2.699	0
1512	76	-1280	-1024	-1.000	-1.000	-1.000	-1.000	4	-1280	-1024	-1.000	-1.000	-1.000	-1.000	4
1532	77	42	45	0.813	0.474	644.390	3.330	0	-34	13	0.530	0.480	652.894	2.583	0
1551	78	-1280	-1024	0.530	0.480	-1.000	-1.000	4	-23	40	0.530	0.480	652.894	2.636	0
1571	79	-1280	-1024	0.814	0.474	-1.000	-1.000	4	-20	35	0.530	0.480	651.199	2.584	0
1591	80	-1280	-1024	0.530	0.480	-1.000	-1.000	4	-56	65	0.530	0.480	651.199	2.649	0
1611	81	33	-4	0.814	0.474	645.911	3.275	0	-34	85	0.531	0.480	651.199	2.715	0
1631	82	-1280	-1024	0.531	0.479	-1.000	-1.000	4	-59	85	0.531	0.479	651.199	2.516	0
1651	83	-1280	-1024	0.531	0.479	-1.000	-1.000	4	-64	55	0.531	0.479	651.199	2.701	0
1671	84	-1280	-1024	0.815	0.473	-1.000	-1.000	4	-60	63	0.531	0.479	651.467	2.631	0
1691	85	16	47	0.815	0.473	645.375	3.404	0	-60	32	0.531	0.479	651.467	2.828	0
1711	86	24	36	0.815	0.473	645.375	3.444	0	-53	49	0.532	0.479	651.467	2.904	0
1731	87	33	29	0.816	0.473	645.375	3.322	0	-62	0	0.532	0.479	651.467	2.853	0
1751	88	27	37	0.816	0.473	645.375	3.361	0	-51	42	0.532	0.479	651.467	2.675	0
1771	89	28	34	0.816	0.473	645.471	3.347	0	-53	40	0.532	0.479	650.741	2.684	0
1791	90	21	28	0.816	0.473	645.471	3.496	0	-66	33	0.533	0.479	650.741	3.023	0
1811	91	34	-2	0.816	0.474	645.471	3.403	0	-82	66	0.533	0.479	650.741	2.950	0
1831	92	35	64	0.816	0.474	645.471	3.272	0	-75	39	0.533	0.479	650.741	2.974	0
1851	93	33	44	0.816	0.474	645.471	3.302	0	-70	54	0.533	0.479	650.741	2.945	0
1871	94	31	45	0.817	0.474	645.890	3.334	0	-77	34	0.533	0.479	652.086	2.958	0
1890	95	14	56	0.816	0.474	645.890	3.325	0	-50	31	0.533	0.479	652.086	3.095	0
1910	96	43	71	0.816	0.474	645.890	3.370	0	-72	77	0.533	0.479	652.086	3.151	0
1930	97	49	56	0.816	0.474	645.890	3.354	0	-1280	-1024	0.816	0.474	-1.000	-1.000	4
1950	98	40	48	0.816	0.474	645.890	3.369	0	-86	104	0.533	0.479	652.086	2.862	0
1970	99	39	43	0.816	0.474	647.581	3.372	0	-87	103	0.533	0.479	652.147	2.863	0
1990	100	32	25	0.816	0.474	647.581	3.513	0	-87	47	0.533	0.479	652.147	3.038	0
2010	101	38	36	0.816	0.474	647.581	3.402	0	-70	18	0.533	0.479	652.147	2.954	0
2030	102	35	51	0.816	0.474	647.581	3.394	0	-79	59	0.532	0.479	652.147	2.744	0
2050	103	28	17	0.816	0.474	647.581	3.403	0	-93	55	0.532	0.479	652.147	2.778	0
2070	104	30	31	0.816	0.474	646.119	3.392	0	-85	55	0.532	0.479	652.277	2.813	0
2090	105	39	22	0.815	0.474	646.119	3.480	0	-94	100	0.532	0.479	652.277	2.718	0
2110	106	-1280	-1024	0.532	0.479	-1.000	-1.000	4	-101	34	0.532	0.479	652.277	2.951	0
2130	107	43	41	0.815	0.474	646.119	3.317	0	-84	116	0.532	0.479	652.277	2.650	0
2150	108	33	28	0.816	0.474	646.119	3.376	0	-81	94	0.532	0.479	652.277	2.715	0
2170	109	32	24	0.816	0.473	647.097	3.381	0	-79	82	0.532	0.479	652.112	2.755	0
2190	110	65	44	0.815	0.473	647.097	3.419	0	-72	72	0.532	0.479	652.112	2.711	0
2209	111	85	29	0.815	0.473	647.097	3.343	0	-104	99	0.532	0.478	652.112	2.516	0
2229	112	-1280	-1024	0.532	0.478	-1.000	-1.000	4	-66	60	0.532	0.478	652.112	2.579	0
2249	113	75	44	0.815	0.473	647.097	3.323	0	-109	51	0.532	0.478	652.112	2.558	0
2269	114	73	37	0.815	0.473	649.061	3.333	0	-97	51	0.532	0.478	652.327	2.539	0
2289	115	87	38	0.815	0.473	649.061	3.436	0	-91	59	0.532	0.478	652.327	2.729	0
2309	116	92	20	0.815	0.473	649.061	3.326	0	-1280	-1024	0.815	0.473	-1.000	-1.000	4
2329	117	72	28	0.815	0.473	649.061	3.245	0	-120	36	0.532	0.478	652.327	2.575	0
2349	118	67	26	0.815	0.473	649.061	3.285	0	-95	52	0.532	0.478	652.327	2.731	0
2369	119	67	40	0.815	0.472	644.779	3.223	0	-98	44	0.531	0.478	654.404	2.739	0
2389	120	206	56	0.814	0.472	644.779	3.234	0	-1280	-1024	0.814	0.472	-1.000	-1.000	4
2409	121	188	44	0.814	0.472	644.779	3.183	0	-1280	-1024	0.814	0.472	-1.000	-1.000	4
2429	122	195	50	0.814	0.472	644.779	3.291	0	-1280	-1024	0.814	0.472	-1.000	-1.000	4
2449	123	176	54	0.814	0.472	644.779	3.268	0	-1280	-1024	0.814	0.472	-1.000	-1.000	4
2469	124	177	58	0.814	0.472	642.359	3.260	0	-1280	-1024	0.531	0.477	-1.000	-1.000	4
2489	125	188	59	0.815	0.472	642.359	3.206	0	-1280	-1024	0.815	0.472	-1.000	-1.000	4
2509	126	199	74	0.815	0.472	642.359	3.226	0	-1280	-1024	0.815	0.472	-1.000	-1.000	4
2529	127	203	69	0.815	0.472	642.359	3.233	0	-1280	-1024	0.815	0.472	-1.000	-1.000	4
2548	128	155	71	0.815	0.472	642.359	3.194	0	-1280	-1024	0.815	0.472	-1.000	-1.000	4
2568	129	153	40	0.816	0.472	650.708	3.245	0	-1280	-1024	0.532	0.477	-1.000	-1.000	4
2588	130	195	47	0.816	0.472	650.708	3.157	0	-1280	-1024	0.816	0.472	-1.000	-1.000	4
2608	131	208	35	0.816	0.472	650.708	3.268	0	-1280	-1024	0.816	0.472	-1.000	-1.000	4
2628	132	203	21	0.816	0.472	650.708	3.275	0	-1280	-1024	0.816	0.472	-1.000	-1.000	4
2648	133	189	44	0.816	0.472	650.708	3.336	0	-1280	-1024	0.816	0.472	-1.000	-1.000	4
2668	134	190	25	0.816	0.472	653.243	3.374	0	-1280	-1024	0.532	0.477	-1.000	-1.000	4
2688	135	334	21	0.815	0.472	653.243	3.363	0	-1280	-1024	0.815	0.472	-1.000	-1.000	4
2708	136	332	24	0.815	0.472	653.243	3.307	0	-1280	-1024	0.815	0.472	-1.000	-1.000	4
2728	137	341	74	0.815	0.472	653.243	3.392	0	-1280	-1024	0.815	0.472	-1.000	-1.000	4
2748	138	333	49	0.815	0.472	653.243	3.260	0	-1280	-1024	0.815	0.472	-1.000	-1.000	4
2768	139	336	65	0.815	0.472	653.088	3.272	0	-1280	-1024	0.531	0.477	-1.000	-1.000	4
2788	140	316	62	0.815	0.472	653.088	3.378	0	-1280	-1024	0.815	0.472	-1.000	-1.000	4
2808	141	345	32	0.815	0.472	653.088	3.278	0	-1280	-1024	0.815	0.472	-1.000	-1.000	4
2828	142	331	31	0.815	0.472	653.088	3.340	0	-1280	-1024	0.815	0.472	-1.000	-1.000	4
2848	143	333	58	0.814	0.471	653.088	3.443	0	-1280	-1024	0.814	0.471	-1.000	-1.000	4
2867	144	334	52	0.814	0.472	650.334	3.399	0	-1280	-1024	0.531	0.476	-1.000	-1.000	4
2887	145	247	48	0.815	0.471	650.334	3.571	0	-1280	-1024	0.815	0.471	-1.000	-1.000	4
2907	146	74	56	0.816	0.472	650.334	3.469	0	-99	55	0.533	0.477	655.390	2.969	0
2927	147	82	66	0.817	0.472	650.334	3.440	0	-1280	-1024	0.817	0.472	-1.000	-1.000	4
2947	148	59	59	0.817	0.472	650.334	3.562	0	-85	73	0.533	0.477	655.390	2.854	0
2967	149	56	64	0.817	0.472	649.916	3.501	0	-81	83	0.533	0.477	652.459	2.841	0
2987	150	69	72	0.817	0.472	647.368	3.572	0	-81	81	0.534	0.477	652.459	2.837	0
3007	151	82	73	0.817	0.472	639.468	3.455	0	-105	90	0.534	0.477	652.459	2.828	0
3027	152	-1280	-1024	0.534	0.477	-1.000	-1.000	4	-76	94	0.534	0.477	652.459	2.681	0
3047	153	75	107	0.817	0.472	634.042	3.433	0	-111	99	0.534	0.477	652.459	2.786	0
3067	154	61	58	0.818	0.472	648.084	3.507	0	-105	98	0.534	0.477	654.384	2.748	0
3087	155	76	53	0.817	0.472	648.084	3.492	0	-97	72	0.534	0.477	654.384	2.820	0
3107	156	53	73	0.818	0.472	648.084	3.478	0	-80	82	0.534	0.477	654.384	3.171	0
3127	157	60	105	0.818	0.472	648.084	3.301	0	-64	77	0.535	0.477	654.384	3.181	0
3147	158	46	112	0.818	0.472	648.084	3.521	0	-69	66	0.535	0.476	654.384	3.078	0
3167	159	47	121	0.818	0.472	647.826	3.471	0	-62	67	0.535	0.476	654.409	3.050	0
3186	160	36	71	0.818	0.472	647.826	3.341	0	-63	65	0.535	0.476	654.409	3.070	0
3206	161	33	91	0.818	0.472	647.826	3.491	0	-90	104	0.535	0.476	654.409	2.938	0
3226	162	35	91	0.819	0.472	647.826	3.425	0	-71	94	0.535	0.476	654.409	2.994	0
3246	163	56	89	0.819	0.472	647.826	3.225	0	-53	55	0.535	0.476	654.409	3.193	0
3266	164	55	88	0.819	0.471	647.550	3.272	0	-60	70	0.535	0.476	654.866	3.153	0
3286	165	32	83	0.819	0.471	647.550	3.540	0	-48	89	0.535	0.476	654.866	3.091	0
3306	166	32	96	0.819	0.471	647.550	3.346	0	-86	67	0.535	0.476	654.866	3.133	0
3326	167	44	86	0.819	0.471	647.550	3.351	0	-72	124	0.535	0.476	654.866	3.010	0
3346	168	165	76	0.818	0.471	647.550	3.364	0	-1280	-1024	0.818	0.471	-1.000	-1.000	4
3366	169	180	71	0.817	0.471	649.989	3.384	0	-1280	-1024	0.534	0.476	-1.000	-1.000	4
3386	170	160	62	0.818	0.471	649.989	3.391	0	-1280	-1024	0.818	0.471	-1.000	-1.000	4
3406	171	155	57	0.818	0.471	649.989	3.366	0	-1280	-1024	0.818	0.471	-1.000	-1.000	4
3426	172	174	34	0.818	0.472	649.989	3.355	0	-1280	-1024	0.818	0.472	-1.000	-1.000	4
3446	173	174	64	0.819	0.472	649.989	3.431	0	-1280	-1024	0.819	0.472	-1.000	-1.000	4
3466	174	174	63	0.819	0.472	647.911	3.408	0	-1280	-1024	0.535	0.476	-1.000	-1.000	4
3485	175	188	38	0.819	0.472	647.911	3.321	0	-1280	-1024	0.819	0.472	-1.000	-1.000	4
3505	176	193	45	0.819	0.472	647.911	3.283	0	-1280	-1024	0.819	0.472	-1.000	-1.000	4
3525	177	177	63	0.819	0.473	647.911	3.507	0	-1280	-1024	0.819	0.473	-1.000	-1.000	4
3545	178	184	51	0.819	0.473	647.911	3.351	0	-1280	-1024	0.819	0.473	-1.000	-1.000	4
3565	179	181	50	0.819	0.473	650.664	3.405	0	-1280	-1024	0.535	0.477	-1.000	-1.000	4
3585	180	187	60	0.819	0.473	650.664	3.454	0	-1280	-1024	0.819	0.473	-1.000	-1.000	4
3605	181	210	30	0.819	0.473	650.664	3.490	0	-1280	-1024	0.819	0.473	-1.000	-1.000	4
3625	182	172	39	0.819	0.473	650.664	3.339	0	-1280	-1024	0.819	0.473	-1.000	-1.000	4
3645	183	162	39	0.819	0.473	650.664	3.533	0	-1280	-1024	0.819	0.473	-1.000	-1.000	4
3665	184	163	47	0.819	0.472	649.190	3.490	0	-1280	-1024	0.535	0.476	-1.000	-1.000	4
3685	185	159	68	0.819	0.472	649.190	3.329	0	-1280	-1024	0.819	0.472	-1.000	-1.000	4
3705	186	157	59	0.819	0.472	649.190	3.370	0	-1280	-1024	0.819	0.472	-1.000	-1.000	4
3725	187	182	60	0.819	0.472	649.190	3.291	0	-1280	-1024	0.819	0.472	-1.000	-1.000	4
3745	188	211	49	0.819	0.472	649.190	3.368	0	-1280	-1024	0.819	0.472	-1.000	-1.000	4
3765	189	222	50	0.819	0.472	647.581	3.333	0	-1280	-1024	0.535	0.477	-1.000	-1.000	4
3785	190	-1280	-1024	-1.000	-1.000	-1.000	-1.000	4	-1280	-1024	-1.000	-1.000	-1.000	-1.000	4
3804	191	202	69	0.819	0.472	647.581	3.404	0	-1280	-1024	0.819	0.472	-1.000	-1.000	4
3824	192	176	85	0.819	0.472	647.581	3.463	0	-1280	-1024	0.819	0.472	-1.000	-1.000	4
3844	193	194	69	0.820	0.472	647.581	3.448	0	-164	71	0.536	0.476	654.259	2.504	0
3864	194	181	63	0.820	0.472	651.064	3.452	0	-166	66	0.536	0.476	655.616	2.509	0
3884	195	-1280	-1024	-1.000	-1.000	-1.000	-1.000	4	-1280	-1024	-1.000	-1.000	-1.000	-1.000	4
3904	196	-1280	-1024	-1.000	-1.000	-1.000	-1.000	4	-1280	-1024	-1.000	-1.000	-1.000	-1.000	4
3924	197	-1280	-1024	-1.000	-1.000	-1.000	-1.000	4	-1280	-1024	-1.000	-1.000	-1.000	-1.000	4
3944	198	191	29	0.821	0.472	651.064	3.492	0	-1280	-1024	0.821	0.472	-1.000	-1.000	4
3964	199	192	32	0.821	0.472	650.172	3.488	0	-1280	-1024	0.537	0.476	-1.000	-1.000	4
3984	200	57	95	0.821	0.474	650.172	3.759	0	80	208	0.538	0.477	654.483	3.840	0
4004	201	60	148	0.822	0.474	650.172	3.513	0	-36	216	0.539	0.477	654.483	3.026	0
4024	202	63	128	0.823	0.474	650.172	3.426	0	-1280	-1024	0.823	0.474	-1.000	-1.000	4
4044	203	37	143	0.823	0.474	650.172	3.426	0	-94	219	0.539	0.477	654.483	2.801	0
4064	204	56	155	0.823	0.474	644.206	3.395	0	-99	209	0.539	0.477	657.993	2.816	0
4084	205	78	142	0.823	0.474	644.206	3.434	0	-96	171	0.540	0.477	657.993	2.846	0
4104	206	65	148	0.823	0.474	644.206	3.361	0	-1280	-1024	0.823	0.474	-1.000	-1.000	4
4124	207	65	158	0.824	0.474	644.206	3.490	0	-1280	-1024	0.824	0.474	-1.000	-1.000	4
4143	208	59	139	0.824	0.474	644.206	3.380	0	-1280	-1024	0.824	0.474	-1.000	-1.000	4
4163	209	57	144	0.824	0.474	644.656	3.432	0	-1280	-1024	0.540	0.476	-1.000	-1.000	4
4183	210	43	144	0.824	0.474	644.656	3.432	0	-107	179	0.540	0.477	655.297	2.801	0
4203	211	56	130	0.824	0.474	644.656	3.535	0	-84	166	0.540	0.477	655.297	2.859	0
4223	212	70	147	0.825	0.474	644.656	3.538	0	-64	173	0.541	0.477	655.297	2.834	0
4243	213	81	131	0.825	0.474	644.656	3.461	0	-1280	-1024	0.825	0.474	-1.000	-1.000	4
4263	214	99	165	0.824	0.474	635.674	3.468	0	-1280	-1024	0.540	0.477	-1.000	-1.000	4
4283	215	77	166	0.824	0.474	635.674	3.340	0	-1280	-1024	0.824	0.474	-1.000	-1.000	4
4303	216	82	171	0.824	0.475	635.674	3.407	0	-43	196	0.540	0.477	656.744	3.147	0
4323	217	63	175	0.824	0.475	635.674	3.290	0	-63	190	0.540	0.477	656.744	3.008	0
4343	218	137	195	0.824	0.474	635.674	3.265	0	-57	179	0.540	0.477	656.744	2.960	0
4363	219	106	157	0.822	0.474	649.162	3.307	0	-72	160	0.538	0.477	660.437	2.929	0
4383	220	198	132	0.822	0.474	649.162	3.592	0	-1280	-1024	0.822	0.474	-1.000	-1.000	4
4403	221	214	158	0.822	0.474	649.162	3.452	0	-1280	-1024	0.822	0.474	-1.000	-1.000	4
4423	222	247	171	0.822	0.474	649.162	3.416	0	-1280	-1024	0.822	0.474	-1.000	-1.000	4
4443	223	229	172	0.821	0.474	649.162	3.454	0	-1280	-1024	0.821	0.474	-1.000	-1.000	4
4462	224	247	187	0.821	0.475	645.278	3.423	0	-1280	-1024	0.537	0.478	-1.000	-1.000	4
4482	225	208	155	0.821	0.475	645.278	3.467	0	-1280	-1024	0.821	0.475	-1.000	-1.000	4
4502	226	220	147	0.821	0.475	645.278	3.534	0	-1280	-1024	0.821	0.475	-1.000	-1.000	4
4522	227	220	160	0.821	0.475	645.278	3.439	0	-1280	-1024	0.821	0.475	-1.000	-1.000	4
4542	228	213	286	0.820	0.476	645.278	3.472	0	-1280	-1024	0.820	0.476	-1.000	-1.000	4
4562	229	214	280	0.818	0.480	650.835	3.511	0	-1280	-1024	0.818	0.480	-1.000	-1.000	4
4582	230	330	618	0.818	0.480	650.835	3.672	0	-1280	-1024	0.818	0.480	-1.000	-1.000	4
4602	231	320	652	0.819	0.480	650.835	3.627	0	-1280	-1024	0.819	0.480	-1.000	-1.000	4
4622	232	331	647	0.819	0.480	650.835	3.569	0	-1280	-1024	0.819	0.480	-1.000	-1.000	4
4642	233	327	592	0.819	0.480	650.835	3.546	0	-1280	-1024	0.819	0.480	-1.000	-1.000	4
4662	234	323	602	0.819	0.480	653.180	3.535	0	-1280	-1024	0.535	0.483	-1.000	-1.000	4
4682	235	340	587	0.819	0.480	653.180	3.574	0	-1280	-1024	0.819	0.480	-1.000	-1.000	4
4702	236	329	631	0.819	0.480	653.180	3.503	0	-1280	-1024	0.819	0.480	-1.000	-1.000	4
4722	237	325	634	0.819	0.480	653.180	3.597	0	-1280	-1024	0.819	0.480	-1.000	-1.000	4
4742	238	301	617	0.819	0.480	653.180	3.609	0	-1280	-1024	0.819	0.480	-1.000	-1.000	4
4761	239	289	613	0.819	0.480	653.690	3.602	0	-1280	-1024	0.534	0.483	-1.000	-1.000	4
4781	240	303	607	0.819	0.480	653.690	3.810	0	-1280	-1024	0.819	0.480	-1.000	-1.000	4
4801	241	320	645	0.819	0.480	653.690	3.596	0	-1280	-1024	0.819	0.480	-1.000	-1.000	4
4821	242	344	662	0.819	0.480	653.690	3.448	0	-1280	-1024	0.819	0.480	-1.000	-1.000	4
4841	243	312	600	0.819	0.480	653.690	3.779	0	-1280	-1024	0.819	0.480	-1.000	-1.000	4
4861	244	317	625	0.819	0.480	652.119	3.624	0	-1280	-1024	0.534	0.483	-1.000	-1.000	4
4881	245	343	632	0.820	0.480	652.119	3.533	0	-1280	-1024	0.820	0.480	-1.000	-1.000	4
4901	246	325	647	0.819	0.480	652.119	3.574	0	-1280	-1024	0.819	0.480	-1.000	-1.000	4
4921	247	333	642	0.819	0.479	652.119	3.569	0	-1280	-1024	0.819	0.479	-1.000	-1.000	4
4941	248	319	647	0.819	0.480	652.119	3.526	0	-1280	-1024	0.819	0.480	-1.000	-1.000	4
4961	249	320	644	0.819	0.480	652.936	3.549	0	-1280	-1024	0.534	0.483	-1.000	-1.000	4
4981	250	308	656	0.820	0.479	652.936	3.495	0	-1280	-1024	0.820	0.479	-1.000	-1.000	4
5001	251	298	623	0.820	0.479	652.936	3.582	0	-1280	-1024	0.820	0.479	-1.000	-1.000	4
5021	252	316	582	0.820	0.479	652.936	3.593	0	-1280	-1024	0.820	0.479	-1.000	-1.000	4
5041	253	317	602	0.820	0.479	652.936	3.543	0	-1280	-1024	0.820	0.479	-1.000	-1.000	4
5061	254	318	585	0.820	0.480	650.763	3.582	0	-1280	-1024	0.820	0.480	-1.000	-1.000	4
5080	255	334	651	0.821	0.480	650.763	3.492	0	-1280	-1024	0.821	0.480	-1.000	-1.000	4
5100	256	338	659	0.820	0.480	650.763	3.648	0	-1280	-1024	0.820	0.480	-1.000	-1.000	4
5120	257	316	610	0.820	0.480	650.763	3.477	0	-1280	-1024	0.820	0.480	-1.000	-1.000	4
5140	258	322	630	0.820	0.480	650.763	3.579	0	-1280	-1024	0.820	0.480	-1.000	-1.000	4
5160	259	329	620	0.820	0.480	651.403	3.625	0	-1280	-1024	0.820	0.480	-1.000	-1.000	4
5180	260	340	598	0.820	0.480	651.403	3.441	0	-1280	-1024	0.820	0.480	-1.000	-1.000	4
5200	261	319	615	0.820	0.480	651.403	3.445	0	-1280	-1024	0.820	0.480	-1.000	-1.000	4
5220	262	342	664	0.820	0.480	651.403	3.529	0	-1280	-1024	0.820	0.480	-1.000	-1.000	4
5240	263	327	592	0.819	0.480	651.403	3.422	0	-1280	-1024	0.819	0.480	-1.000	-1.000	4
5260	264	338	620	0.819	0.480	647.138	3.422	0	-1280	-1024	0.534	0.483	-1.000	-1.000	4
5280	265	314	652	0.819	0.480	647.138	3.486	0	-1280	-1024	0.819	0.480	-1.000	-1.000	4
5300	266	344	609	0.819	0.480	647.138	3.434	0	-1280	-1024	0.819	0.480	-1.000	-1.000	4
5320	267	324	630	0.819	0.480	647.138	3.426	0	-1280	-1024	0.819	0.480	-1.000	-1.000	4
5340	268	307	633	0.819	0.480	647.138	3.319	0	-1280	-1024	0.819	0.480	-1.000	-1.000	4
5360	269	309	635	0.818	0.480	648.014	3.282	0	-1280	-1024	0.534	0.484	-1.000	-1.000	4
5380	270	397	624	0.818	0.480	648.014	3.212	0	-1280	-1024	0.818	0.480	-1.000	-1.000	4
5399	271	440	636	0.817	0.481	648.014	3.394	0	-1280	-1024	0.817	0.481	-1.000	-1.000	4
5419	272	422	612	0.817	0.481	648.014	3.264	0	665	578	0.532	0.484	660.763	2.859	0
5439	273	-1280	-1024	-1.000	-1.000	-1.000	-1.000	4	-1280	-1024	-1.000	-1.000	-1.000	-1.000	4
5459	274	-1280	-1024	0.817	0.481	-1.000	-1.000	4	-1280	-1024	0.532	0.484	-1.000	-1.000	4
5479	275	432	694	0.817	0.481	646.615	3.555	0	-1280	-1024	0.817	0.481	-1.000	-1.000	4
5499	276	410	643	0.817	0.481	646.615	3.412	0	651	609	0.532	0.485	663.501	2.819	0
5519	277	475	530	0.817	0.481	646.615	3.305	0	677	604	0.532	0.485	663.501	2.658	0
5539	278	-1280	-1024	-1.000	-1.000	-1.000	-1.000	4	-1280	-1024	-1.000	-1.000	-1.000	-1.000	4
5559	279	-1280	-1024	0.817	0.481	-1.000	-1.000	4	-1280	-1024	0.532	0.484	-1.000	-1.000	4
5579	280	437	620	0.817	0.481	646.922	3.298	0	666	571	0.532	0.484	659.102	3.058	0
5599	281	624	671	0.814	0.482	646.922	3.526	0	666	600	0.529	0.485	659.102	3.353	0
5619	282	838	602	0.810	0.481	646.922	3.098	0	880	597	0.526	0.485	659.102	3.183	0
5639	283	972	640	0.808	0.482	646.922	3.114	0	1027	623	0.524	0.485	659.102	3.548	0
5659	284	1138	579	0.808	0.482	659.569	3.190	0	1118	621	0.524	0.485	664.558	3.586	0
5679	285	1035	601	0.809	0.482	659.569	3.141	0	999	599	0.524	0.485	664.558	3.465	0
5699	286	1019	613	0.809	0.482	659.569	3.365	0	965	585	0.524	0.484	664.558	3.100	0
5718	287	1062	539	0.809	0.482	659.569	3.401	0	987	562	0.524	0.484	664.558	3.192	0
5738	288	1010	623	0.809	0.482	659.569	3.413	0	965	614	0.524	0.484	664.558	3.202	0
5758	289	1021	602	0.809	0.482	659.229	3.423	0	971	607	0.525	0.484	661.444	3.196	0
5778	290	978	620	0.809	0.481	659.229	3.592	0	986	628	0.524	0.484	661.444	3.513	0
5798	291	1031	626	0.810	0.481	659.229	3.503	0	953	611	0.525	0.484	661.444	3.392	0
5818	292	1010	593	0.810	0.481	659.229	3.617	0	943	613	0.525	0.483	661.444	3.422	0
5838	293	1019	622	0.810	0.481	659.229	3.289	0	957	591	0.525	0.483	661.444	3.503	0
5858	294	1005	631	0.810	0.481	652.649	3.217	0	955	586	0.525	0.483	660.858	3.446	0
5878	295	1001	601	0.810	0.481	652.649	3.412	0	959	621	0.525	0.483	660.858	3.376	0
5898	296	1003	582	0.811	0.481	652.649	3.171	0	1030	575	0.526	0.483	660.858	3.504	0
5918	297	992	588	0.811	0.481	652.649	3.393	0	959	587	0.526	0.483	660.858	3.336	0
5938	298	1005	603	0.811	0.481	652.649	3.171	0	962	586	0.526	0.483	660.858	3.289	0
5958	299	1004	583	0.811	0.481	659.428	3.278	0	966	581	0.526	0.483	662.294	3.311	0
5978	300	973	644	0.811	0.481	659.428	3.547	0	979	591	0.526	0.483	662.294	3.348	0
5998	301	974	606	0.811	0.481	659.428	3.462	0	962	631	0.526	0.483	662.294	3.280	0
6017	302	1012	631	0.811	0.481	659.428	3.529	0	938	643	0.526	0.483	662.294	3.433	0
6037	303	979	590	0.811	0.481	659.428	3.453	0	944	618	0.526	0.483	662.294	3.353	0
6057	304	994	592	0.811	0.481	660.094	3.476	0	936	623	0.526	0.483	659.272	3.342	0
6077	305	1003	533	0.811	0.481	660.094	3.509	0	930	645	0.526	0.483	659.272	3.264	0
6097	306	1004	608	0.811	0.481	660.094	3.368	0	963	612	0.526	0.483	659.272	3.217	0
6117	307	988	618	0.811	0.481	660.094	3.459	0	953	618	0.526	0.483	659.272	3.296	0
6137	308	1015	592	0.811	0.481	660.094	3.264	0	940	629	0.526	0.483	659.272	3.424	0
6157	309	1013	592	0.811	0.482	658.644	3.252	0	966	609	0.526	0.483	660.966	3.442	0
6177	310	1009	611	0.811	0.482	658.644	3.443	0	946	605	0.526	0.483	660.966	3.498	0
6197	311	992	574	0.811	0.482	658.644	3.420	0	951	635	0.526	0.483	660.966	3.423	0
6217	312	979	649	0.811	0.482	658.644	3.458	0	905	656	0.526	0.483	660.966	3.563	0
6237	313	977	619	0.811	0.482	658.644	3.592	0	951	654	0.526	0.484	660.966	3.405	0
6257	314	976	622	0.811	0.482	656.917	3.593	0	935	656	0.526	0.484	659.500	3.439	0
6277	315	977	610	0.811	0.482	656.917	3.537	0	936	650	0.526	0.484	659.500	3.370	0
6297	316	1003	625	0.812	0.482	656.917	3.294	0	986	600	0.526	0.484	659.500	3.566	0
6317	317	1007	635	0.812	0.482	656.917	3.469	0	940	585	0.527	0.484	659.500	3.467	0
6336	318	1002	636	0.812	0.482	656.917	3.509	0	967	633	0.527	0.484	659.500	3.368	0
6356	319	1005	629	0.812	0.483	660.890	3.450	0	946	601	0.527	0.484	661.107	3.450	0
6376	320	1063	637	0.811	0.483	660.890	3.520	0	1112	533	0.526	0.484	661.107	3.395	0
6396	321	1038	728	0.811	0.483	660.890	3.475	0	1049	621	0.526	0.484	661.107	3.406	0
6416	322	1081	653	0.811	0.483	660.890	3.328	0	1072	589	0.526	0.484	661.107	3.393	0
6436	323	1075	594	0.811	0.483	660.890	3.379	0	1072	613	0.526	0.484	661.107	3.272	0
6456	324	1074	617	0.811	0.483	660.832	3.307	0	1069	605	0.526	0.484	658.622	3.252	0
6476	325	1104	589	0.811	0.483	660.832	3.232	0	1078	598	0.525	0.484	658.622	3.438	0
6496	326	1063	626	0.811	0.483	660.832	3.310	0	1059	596	0.525	0.484	658.622	3.436	0
6516	327	1094	622	0.811	0.482	660.832	3.149	0	1075	624	0.525	0.484	658.622	3.272	0
6536	328	1091	609	0.811	0.482	660.832	3.215	0	1071	579	0.525	0.484	658.622	3.343	0
6556	329	1086	629	0.811	0.482	659.750	3.208	0	1068	585	0.526	0.484	657.464	3.287	0
6576	330	1046	665	0.811	0.482	659.750	3.499	0	1043	627	0.526	0.484	657.464	3.350	0
6596	331	1010	695	0.811	0.482	659.750	3.474	0	1111	614	0.526	0.484	657.464	3.283	0
6616	332	1069	646	0.812	0.482	659.750	3.362	0	1070	593	0.526	0.484	657.464	3.493	0
6636	333	1079	656	0.812	0.482	659.750	3.292	0	1058	578	0.526	0.484	657.464	3.222	0
6656	334	1088	661	0.812	0.482	657.684	3.224	0	1092	561	0.527	0.484	657.254	3.270	0
6675	335	1056	624	0.812	0.482	657.684	3.415	0	1063	604	0.527	0.484	657.254	3.392	0
6695	336	1066	667	0.813	0.482	657.684	3.304	0	1109	580	0.527	0.484	657.254	3.182	0
6715	337	1038	626	0.813	0.482	657.684	3.362	0	1070	619	0.527	0.484	657.254	3.093	0
6735	338	1050	671	0.813	0.482	657.684	3.318	0	1042	615	0.528	0.484	657.254	3.411	0
6755	339	1056	655	0.814	0.482	659.347	3.350	0	1063	611	0.528	0.484	658.412	3.290	0
6775	340	1090	570	0.814	0.482	659.347	3.411	0	1075	586	0.528	0.484	658.412	3.378	0
6795	341	1095	632	0.814	0.482	659.347	3.550	0	1098	560	0.529	0.484	658.412	3.414	0
6815	342	1061	600	0.815	0.482	659.347	3.566	0	1085	568	0.529	0.484	658.412	3.314	0
6835	343	1035	674	0.815	0.482	659.347	3.382	0	1039	569	0.530	0.484	658.412	3.535	0
6855	344	1033	676	0.816	0.483	658.691	3.450	0	1055	567	0.530	0.484	659.014	3.545	0
6875	345	1094	666	0.816	0.482	658.691	3.393	0	1071	545	0.530	0.484	659.014	3.476	0
6895	346	1082	661	0.817	0.482	658.691	3.343	0	1043	607	0.531	0.484	659.014	3.536	0
6915	347	1060	646	0.817	0.483	658.691	3.420	0	1052	626	0.531	0.484	659.014	3.361	0
6935	348	1088	609	0.817	0.483	658.691	3.287	0	1064	611	0.532	0.484	659.014	3.367	0
6955	349	1085	598	0.818	0.483	658.730	3.295	0	1059	620	0.532	0.484	658.647	3.371	0
6974	350	1080	639	0.818	0.483	658.730	3.333	0	1063	595	0.532	0.484	658.647	3.465	0
6994	351	1041	697	0.818	0.484	658.730	3.325	0	1069	630	0.533	0.484	658.647	3.373	0
7014	352	1046	660	0.819	0.483	658.730	3.297	0	1036	624	0.533	0.484	658.647	3.313	0
7034	353	-1280	-1024	0.535	0.484	-1.000	-1.000	4	933	623	0.535	0.484	658.647	3.347	0
7054	354	-1280	-1024	0.820	0.483	-1.000	-1.000	4	926	611	0.535	0.483	662.429	3.337	0
7074	355	1020	596	0.820	0.483	659.920	3.213	0	923	584	0.535	0.483	662.429	3.347	0
7094	356	1050	551	0.821	0.483	659.920	3.168	0	942	610	0.535	0.483	662.429	3.361	0
7114	357	992	584	0.821	0.483	659.920	3.237	0	956	606	0.535	0.482	662.429	3.371	0
7134	358	969	605	0.821	0.482	659.920	3.155	0	926	666	0.535	0.482	662.429	3.253	0
7154	359	974	595	0.821	0.482	657.623	3.163	0	949	683	0.535	0.482	664.148	3.263	0
7174	360	958	650	0.820	0.482	657.623	3.519	0	953	583	0.535	0.482	664.148	3.293	0
7194	361	985	623	0.820	0.482	657.623	3.346	0	965	600	0.535	0.482	664.148	3.480	0
7214	362	986	607	0.820	0.482	657.623	3.510	0	936	618	0.535	0.482	664.148	3.465	0
7234	363	957	639	0.819	0.482	657.623	3.389	0	961	597	0.534	0.483	664.148	3.327	0
7254	364	983	616	0.819	0.483	659.398	3.467	0	950	603	0.534	0.483	663.047	3.414	0
7274	365	1054	601	0.818	0.483	659.398	3.168	0	939	612	0.533	0.484	663.047	3.445	0
7294	366	1005	625	0.818	0.483	659.398	3.190	0	943	642	0.533	0.484	663.047	3.347	0
7314	367	1003	595	0.818	0.483	659.398	3.115	0	917	595	0.532	0.484	663.047	3.329	0
7333	368	979	553	0.817	0.483	659.398	3.240	0	947	599	0.532	0.484	663.047	3.399	0
7353	369	972	553	0.817	0.483	658.606	3.234	0	940	603	0.532	0.484	663.288	3.343	0
7373	370	1011	569	0.817	0.483	658.606	3.219	0	943	581	0.531	0.484	663.288	3.303	0
7393	371	1002	633	0.817	0.483	658.606	3.190	0	926	600	0.532	0.484	663.288	3.327	0
7413	372	969	628	0.817	0.483	658.606	3.370	0	960	617	0.531	0.484	663.288	3.521	0
7433	373	971	605	0.816	0.483	658.606	3.291	0	936	632	0.531	0.484	663.288	3.212	0
7453	374	975	636	0.816	0.483	659.494	3.332	0	947	648	0.531	0.484	662.176	3.259	0
7473	375	996	627	0.815	0.483	659.494	3.409	0	925	628	0.530	0.484	662.176	3.456	0
7493	376	960	629	0.815	0.483	659.494	3.348	0	943	616	0.530	0.484	662.176	3.406	0
7513	377	987	632	0.815	0.483	659.494	3.290	0	987	597	0.530	0.484	662.176	3.506	0
7533	378	985	605	0.815	0.482	659.494	3.180	0	941	613	0.529	0.484	662.176	3.301	0
7553	379	983	608	0.814	0.482	657.768	3.108	0	954	608	0.529	0.484	660.982	3.282	0
7573	380	963	621	0.814	0.482	657.768	3.300	0	966	602	0.529	0.484	660.982	3.401	0
7593	381	968	679	0.814	0.482	657.768	3.367	0	903	620	0.528	0.483	660.982	3.562	0
7613	382	1027	553	0.814	0.481	657.768	3.194	0	938	543	0.528	0.483	660.982	3.232	0
7633	383	977	659	0.814	0.481	657.768	3.183	0	961	591	0.528	0.483	660.982	3.456	0
7652	384	999	611	0.814	0.481	657.962	3.173	0	950	579	0.528	0.483	660.963	3.458	0
7672	385	1023	620	0.814	0.480	657.962	3.171	0	942	613	0.528	0.482	660.963	3.202	0
7692	386	980	661	0.814	0.480	657.962	3.220	0	939	638	0.528	0.482	660.963	3.355	0
7712	387	1009	589	0.814	0.480	657.962	3.171	0	911	585	0.528	0.482	660.963	3.369	0
7732	388	995	603	0.814	0.480	657.962	3.211	0	972	604	0.528	0.482	660.963	3.489	0
7752	389	990	603	0.814	0.480	657.819	3.190	0	977	602	0.528	0.482	661.158	3.539	0
7772	390	993	608	0.814	0.480	657.819	3.330	0	939	599	0.528	0.482	661.158	3.353	0
7792	391	973	592	0.814	0.481	657.819	3.117	0	942	551	0.529	0.482	661.158	3.079	0
7812	392	990	627	0.815	0.481	657.819	3.258	0	917	595	0.529	0.482	661.158	3.333	0
7832	393	974	567	0.815	0.481	657.819	3.414	0	945	620	0.529	0.482	661.158	3.441	0
7852	394	980	569	0.815	0.481	658.117	3.352	0	937	608	0.529	0.483	661.539	3.377	0
7872	395	979	612	0.815	0.481	658.117	3.260	0	931	633	0.529	0.483	661.539	3.302	0
7892	396	976	620	0.815	0.481	658.117	3.173	0	953	607	0.529	0.483	661.539	3.239	0
7912	397	962	656	0.815	0.481	658.117	3.223	0	922	617	0.529	0.483	661.539	3.383	0
7932	398	1021	617	0.815	0.481	658.117	3.174	0	933	701	0.529	0.483	661.539	3.354	0
7952	399	1032	626	0.815	0.481	659.619	3.199	0	948	693	0.529	0.482	663.788	3.374	0
7971	400	1019	677	0.814	0.481	659.619	3.147	0	916	638	0.529	0.482	663.788	3.347	0
7991	401	981	662	0.815	0.481	659.619	3.238	0	949	624	0.529	0.482	663.788	3.359	0
8011	402	993	659	0.814	0.481	659.619	3.126	0	943	588	0.529	0.482	663.788	3.254	0
8031	403	977	648	0.814	0.481	659.619	3.352	0	909	672	0.529	0.482	663.788	3.386	0
8051	404	980	644	0.814	0.481	659.157	3.350	0	935	660	0.529	0.483	662.669	3.363	0
8071	405	869	579	0.815	0.481	659.157	3.312	0	872	631	0.530	0.483	662.669	3.256	0
8091	406	653	642	0.818	0.481	659.157	3.300	0	655	597	0.533	0.483	662.669	3.565	0
8111	407	479	588	0.821	0.481	659.157	3.230	0	502	630	0.536	0.482	662.669	3.479	0
8131	408	399	631	0.822	0.481	659.157	3.273	0	392	596	0.537	0.482	662.669	3.535	0
8151	409	338	630	0.822	0.481	645.241	3.179	0	288	612	0.537	0.483	657.778	3.471	0
8171	410	445	656	0.823	0.481	645.241	3.172	0	372	595	0.537	0.482	657.778	3.457	0
8191	411	410	648	0.823	0.481	645.241	3.043	0	403	602	0.538	0.482	657.778	3.352	0
8211	412	368	620	0.823	0.481	645.241	3.152	0	626	594	0.538	0.482	657.778	2.661	0
8231	413	408	622	0.823	0.481	645.241	3.125	0	-1280	-1024	0.823	0.481	-1.000	-1.000	4
8251	414	397	626	0.823	0.481	644.136	3.078	0	-1280	-1024	0.538	0.482	-1.000	-1.000	4
8270	415	407	589	0.823	0.481	644.136	2.904	0	-1280	-1024	0.823	0.481	-1.000	-1.000	4
8290	416	416	595	0.823	0.481	644.136	3.008	0	-1280	-1024	0.823	0.481	-1.000	-1.000	4
8310	417	406	613	0.824	0.481	644.136	3.032	0	668	594	0.538	0.482	657.826	2.633	0
8330	418	376	616	0.824	0.481	644.136	3.087	0	-1280	-1024	0.824	0.481	-1.000	-1.000	4
8350	419	367	606	0.824	0.481	651.466	3.157	0	-1280	-1024	0.538	0.482	-1.000	-1.000	4
8370	420	414	617	0.824	0.481	651.466	3.100	0	-1280	-1024	0.824	0.481	-1.000	-1.000	4
8390	421	411	671	0.824	0.481	651.466	3.216	0	-1280	-1024	0.824	0.481	-1.000	-1.000	4
8410	422	403	646	0.824	0.481	651.466	3.243	0	-1280	-1024	0.824	0.481	-1.000	-1.000	4
8430	423	395	595	0.824	0.481	651.466	3.194	0	-1280	-1024	0.824	0.481	-1.000	-1.000	4
8450	424	388	626	0.825	0.481	644.395	3.162	0	-1280	-1024	0.540	0.482	-1.000	-1.000	4
8470	425	298	695	0.825	0.481	644.395	3.174	0	-1280	-1024	0.825	0.481	-1.000	-1.000	4
8490	426	309	684	0.825	0.481	644.395	3.330	0	260	621	0.539	0.482	659.807	3.196	0
8510	427	306	695	0.825	0.481	644.395	3.307	0	-1280	-1024	0.825	0.481	-1.000	-1.000	4
8530	428	307	625	0.825	0.481	644.395	3.090	0	-1280	-1024	0.825	0.481	-1.000	-1.000	4
8550	429	294	605	0.825	0.481	650.634	3.185	0	-1280	-1024	0.540	0.482	-1.000	-1.000	4
8570	430	328	618	0.826	0.481	650.634	3.109	0	-1280	-1024	0.826	0.481	-1.000	-1.000	4
8590	431	308	656	0.826	0.481	650.634	3.187	0	-1280	-1024	0.826	0.481	-1.000	-1.000	4
8609	432	284	603	0.826	0.481	650.634	3.212	0	-1280	-1024	0.826	0.481	-1.000	-1.000	4
8629	433	276	604	0.826	0.481	650.634	3.056	0	-1280	-1024	0.826	0.481	-1.000	-1.000	4
8649	434	267	606	0.826	0.481	649.979	3.094	0	-1280	-1024	0.826	0.481	-1.000	-1.000	4
8669	435	316	603	0.826	0.481	649.979	2.956	0	-1280	-1024	0.826	0.481	-1.000	-1.000	4
8689	436	312	636	0.826	0.481	649.979	3.084	0	-1280	-1024	0.826	0.481	-1.000	-1.000	4
8709	437	291	624	0.826	0.481	649.979	3.189	0	-1280	-1024	0.826	0.481	-1.000	-1.000	4
8729	438	293	653	0.826	0.481	649.979	3.142	0	-1280	-1024	0.826	0.481	-1.000	-1.000	4
8749	439	295	664	0.825	0.481	643.776	3.167	0	-1280	-1024	0.540	0.482	-1.000	-1.000	4
8769	440	284	606	0.826	0.481	643.776	3.186	0	-1280	-1024	0.826	0.481	-1.000	-1.000	4
8789	441	295	651	0.825	0.481	643.776	3.083	0	-1280	-1024	0.825	0.481	-1.000	-1.000	4
8809	442	284	609	0.825	0.481	643.776	2.959	0	-1280	-1024	0.825	0.481	-1.000	-1.000	4
8829	443	290	588	0.825	0.481	643.776	2.997	0	-1280	-1024	0.825	0.481	-1.000	-1.000	4
8849	444	286	597	0.824	0.481	644.327	3.036	0	-1280	-1024	0.539	0.482	-1.000	-1.000	4
8869	445	292	698	0.825	0.481	644.327	3.159	0	-1280	-1024	0.825	0.481	-1.000	-1.000	4
8889	446	301	596	0.824	0.480	644.327	3.021	0	-1280	-1024	0.824	0.480	-1.000	-1.000	4
8908	447	307	626	0.824	0.480	644.327	2.990	0	-1280	-1024	0.824	0.480	-1.000	-1.000	4
8928	448	302	580	0.824	0.480	644.327	3.103	0	-1280	-1024	0.824	0.480	-1.000	-1.000	4
8948	449	303	571	0.824	0.480	651.766	3.056	0	-1280	-1024	0.538	0.482	-1.000	-1.000	4
8968	450	300	587	0.824	0.480	651.766	3.020	0	-1280	-1024	0.824	0.480	-1.000	-1.000	4
8988	451	299	600	0.824	0.480	651.766	2.957	0	-1280	-1024	0.824	0.480	-1.000	-1.000	4
9008	452	286	594	0.824	0.480	651.766	3.172	0	-1280	-1024	0.824	0.480	-1.000	-1.000	4
9028	453	297	574	0.824	0.480	651.766	2.926	0	-1280	-1024	0.824	0.480	-1.000	-1.000	4
9048	454	295	592	0.824	0.480	643.968	2.952	0	-1280	-1024	0.539	0.481	-1.000	-1.000	4
9068	455	373	632	0.823	0.480	643.968	3.219	0	-1280	-1024	0.823	0.480	-1.000	-1.000	4
9088	456	423	638	0.823	0.480	643.968	3.002	0	-1280	-1024	0.823	0.480	-1.000	-1.000	4
9108	457	405	583	0.823	0.480	643.968	2.961	0	-1280	-1024	0.823	0.480	-1.000	-1.000	4
9128	458	392	638	0.824	0.480	643.968	3.153	0	-1280	-1024	0.824	0.480	-1.000	-1.000	4
9148	459	408	608	0.823	0.480	650.656	3.060	0	-1280	-1024	0.823	0.480	-1.000	-1.000	4
9168	460	429	571	0.824	0.480	650.656	2.963	0	-1280	-1024	0.824	0.480	-1.000	-1.000	4
9188	461	419	562	0.824	0.480	650.656	3.147	0	-1280	-1024	0.824	0.480	-1.000	-1.000	4
9208	462	401	580	0.824	0.480	650.656	3.167	0	-1280	-1024	0.824	0.480	-1.000	-1.000	4
9227	463	386	590	0.824	0.480	650.656	3.072	0	-1280	-1024	0.824	0.480	-1.000	-1.000	4
9247	464	372	604	0.824	0.480	643.583	3.144	0	-1280	-1024	0.824	0.480	-1.000	-1.000	4
9267	465	420	591	0.824	0.480	643.583	3.134	0	-1280	-1024	0.824	0.480	-1.000	-1.000	4
9287	466	449	555	0.825	0.480	643.583	3.157	0	633	526	0.539	0.481	643.583	2.535	0
9307	467	-1280	-1024	-1.000	-1.000	-1.000	-1.000	4	-1280	-1024	-1.000	-1.000	-1.000	-1.000	4
9327	468	465	565	0.825	0.480	643.583	3.190	0	-1280	-1024	0.825	0.480	-1.000	-1.000	4
9347	469	475	562	0.825	0.480	648.228	3.230	0	-1280	-1024	0.539	0.481	-1.000	-1.000	4
9367	470	409	622	0.825	0.480	648.228	3.251	0	661	525	0.539	0.481	656.682	2.667	0
9387	471	434	546	0.825	0.480	648.228	3.221	0	625	542	0.539	0.480	656.682	2.555	0
9407	472	-1280	-1024	-1.000	-1.000	-1.000	-1.000	4	-1280	-1024	-1.000	-1.000	-1.000	-1.000	4
9427	473	420	637	0.826	0.479	648.228	3.276	0	626	547	0.540	0.480	656.682	2.596	0
9447	474	423	616	0.826	0.479	647.740	3.268	0	627	550	0.540	0.480	656.415	2.616	0
9467	475	410	641	0.827	0.479	647.740	3.174	0	618	586	0.541	0.480	656.415	2.776	0
9487	476	439	575	0.827	0.479	647.740	3.174	0	-1280	-1024	0.827	0.479	-1.000	-1.000	4
9507	477	430	578	0.827	0.479	647.740	3.240	0	657	568	0.541	0.479	656.415	3.087	0
9527	478	423	669	0.827	0.479	647.740	3.335	0	666	611	0.542	0.480	656.415	3.077	0
9546	479	429	635	0.827	0.480	650.131	3.377	0	666	611	0.542	0.480	656.092	3.075	0
9566	480	453	602	0.828	0.480	650.131	3.320	0	-1280	-1024	0.828	0.480	-1.000	-1.000	4
9586	481	439	617	0.828	0.480	650.131	3.228	0	-1280	-1024	0.828	0.480	-1.000	-1.000	4
9606	482	422	597	0.828	0.480	650.131	3.310	0	659	547	0.542	0.480	656.092	2.822	0
9626	483	-1280	-1024	-1.000	-1.000	-1.000	-1.000	4	-1280	-1024	-1.000	-1.000	-1.000	-1.000	4
9646	484	-1280	-1024	0.828	0.480	-1.000	-1.000	4	-1280	-1024	0.542	0.480	-1.000	-1.000	4
9666	485	438	578	0.828	0.480	651.417	3.349	0	-1280	-1024	0.828	0.480	-1.000	-1.000	4
9686	486	408	630	0.828	0.480	651.417	3.282	0	-1280	-1024	0.828	0.480	-1.000	-1.000	4
9706	487	412	602	0.828	0.480	651.417	3.261	0	-1280	-1024	0.828	0.480	-1.000	-1.000	4
9726	488	443	617	0.827	0.480	651.417	3.226	0	659	553	0.542	0.480	656.830	2.841	0
9746	489	421	606	0.827	0.480	650.022	3.208	0	661	550	0.541	0.480	658.364	2.848	0
9766	490	437	619	0.827	0.480	650.022	3.293	0	-1280	-1024	0.827	0.480	-1.000	-1.000	4
9786	491	424	612	0.827	0.480	650.022	3.194	0	691	551	0.541	0.480	658.364	2.792	0
9806	492	394	616	0.827	0.480	650.022	3.275	0	-1280	-1024	0.827	0.480	-1.000	-1.000	4
9826	493	316	655	0.828	0.480	650.022	3.247	0	-1280	-1024	0.828	0.480	-1.000	-1.000	4
9846	494	285	664	0.828	0.480	644.134	3.185	0	-1280	-1024	0.543	0.480	-1.000	-1.000	4
9865	495	333	623	0.828	0.479	644.134	3.082	0	-1280	-1024	0.828	0.479	-1.000	-1.000	4
9885	496	313	623	0.828	0.479	644.134	3.285	0	-1280	-1024	0.828	0.479	-1.000	-1.000	4
9905	497	308	584	0.828	0.479	644.134	3.166	0	-1280	-1024	0.828	0.479	-1.000	-1.000	4
9925	498	289	643	0.828	0.479	644.134	3.207	0	-1280	-1024	0.828	0.479	-1.000	-1.000	4
9945	499	280	635	0.828	0.480	644.024	3.141	0	-1280	-1024	0.542	0.480	-1.000	-1.000	4
9965	500	334	625	0.828	0.479	644.024	3.221	0	-1280	-1024	0.828	0.479	-1.000	-1.000	4
9985	501	338	641	0.828	0.479	644.024	3.164	0	-1280	-1024	0.828	0.479	-1.000	-1.000	4
10005	502	309	632	0.828	0.479	644.024	3.116	0	-1280	-1024	0.828	0.479	-1.000	-1.000	4
10025	503	308	622	0.828	0.479	644.024	3.151	0	-1280	-1024	0.828	0.479	-1.000	-1.000	4
10045	504	308	626	0.828	0.479	645.081	3.136	0	-1280	-1024	0.542	0.479	-1.000	-1.000	4
10065	505	318	607	0.828	0.479	645.081	3.198	0	-1280	-1024	0.828	0.479	-1.000	-1.000	4
10085	506	287	636	0.828	0.479	645.081	3.164	0	-1280	-1024	0.828	0.479	-1.000	-1.000	4
10105	507	329	648	0.829	0.480	645.081	3.116	0	-1280	-1024	0.829	0.480	-1.000	-1.000	4
10125	508	336	601	0.829	0.480	645.081	3.150	0	-1280	-1024	0.829	0.480	-1.000	-1.000	4
